{'cameras': [{'aspect': 0.0,
              'far': 0.0,
              'fov': 0.0,
              'meter_per_unit': 1.0,
              'model': 'Cube',
              'move_speed': 0.0,
              'name': 'camera',
              'near': 0.0,
              'pan_speed': 0.0,
              'pos': [-1.461644172668457, 4.721196174621582, 4.790307998657227],
              'rot': [5.510274887084961, 5.4228949546813965, 0.0],
              'rotation_speed': 0.0,
              'scale': [1.0, 1.0, 1.0]}],
 'lights': [{'lightColor': [1.0, 1.0, 1.0, 1.0],
             'model': 'Cube',
             'name': 'light',
             'pos': [0.0, 0.0, 0.0],
             'rot': [-0.20000000298023224, 0.10000000149011612, 0.10000000149011612],
             'scale': [1.0, 1.0, 1.0]}],
 'skeleton_actors': [{'model': 'collada_test_00',
                      'name': 'collada_test_00',
                      'pos': [0.0, 1.0, 0.0],
                      'rot': [0.0, 0.0, 0.0],
                      'scale': [0.009999999776482582, 0.009999999776482582, 0.009999999776482582]},
                     {'model': 'collada_test_00',
                      'name': 'collada_test_00_0',
                      'pos': [0.5, 1.0, 2.0],
                      'rot': [0.0, 0.0, 0.0],
                      'scale': [0.009999999776482582, 0.009999999776482582, 0.009999999776482582]}],
 'static_actors': [{'model': 'Cube',
                    'name': 'Cube',
                    'pos': [0.0, -9.899999618530273, 0.0],
                    'rot': [0.0, 0.0, 0.0],
                    'scale': [10.0, 10.0, 10.0]},
                   {'model': 'Cube',
                    'name': 'Cube_0',
                    'pos': [2.0, 0.5, 1.0],
                    'rot': [0.0, 0.0, 0.0],
                    'scale': [0.5, 0.5, 0.5]},
                   {'model': 'test',
                    'name': 'test',
                    'pos': [-1.0, 0.0, 2.0],
                    'rot': [0.0, 0.0, 0.0],
                    'scale': [0.10000000149011612, 0.10000000149011612, 0.10000000149011612]}]}
