{'cameras': [{'aspect': 0.0,
              'far': 0.0,
              'fov': 0.0,
              'meter_per_unit': 1.0,
              'model': 'Cube',
              'move_speed': 0.0,
              'name': 'camera',
              'near': 0.0,
              'pan_speed': 0.0,
              'pos': [1.1231352090835571, -1.5372357368469238, -0.6127589344978333],
              'rot': [5.40650749206543, 5.211831569671631, 0.0],
              'rotation_speed': 0.0,
              'scale': [1.0, 1.0, 1.0]}],
 'lights': [{'lightColor': [1.0, 1.0, 1.0, 1.0],
             'model': 'Cube',
             'name': 'light',
             'pos': [0.0, 0.0, 0.0],
             'rot': [-0.20000000298023224, 0.10000000149011612, 0.10000000149011612],
             'scale': [1.0, 1.0, 1.0]}],
 'skeleton_actors': [{'model': 'collada_test_00',
                      'name': 'collada_test_00',
                      'pos': [0.0, 1.0, 0.0],
                      'rot': [0.0, 0.0, 0.0],
                      'scale': [0.009999999776482582, 0.009999999776482582, 0.009999999776482582]},
                     {'model': 'collada_test_00',
                      'name': 'collada_test_00_0',
                      'pos': [0.5, 1.0, 2.0],
                      'rot': [0.0, 0.0, 0.0],
                      'scale': [0.009999999776482582, 0.009999999776482582, 0.009999999776482582]}],
 'static_actors': [{'model': 'Cube',
                    'name': 'Cube',
                    'pos': [0.0, -9.899999618530273, 0.0],
                    'rot': [0.0, 0.0, 0.0],
                    'scale': [10.0, 10.0, 10.0]},
                   {'model': 'Cube',
                    'name': 'Cube_0',
                    'pos': [2.0, 0.5, 1.0],
                    'rot': [0.0, 0.0, 0.0],
                    'scale': [0.5, 0.5, 0.5]},
                   {'model': 'test',
                    'name': 'test',
                    'pos': [-1.0, 0.0, 2.0],
                    'rot': [0.0, 0.0, 0.0],
                    'scale': [0.10000000149011612, 0.10000000149011612, 0.10000000149011612]},
                   {'model': 'sphere',
                    'name': 'sphere',
                    'pos': [0.0, 3.0, 0.0],
                    'rot': [0.0, 0.0, 0.0],
                    'scale': [1.0, 1.0, 1.0]}]}
