{'cameras': [{'aspect': 0.0,
              'far': 0.0,
              'fov': 0.0,
              'meter_per_unit': 1.0,
              'model': 'Cube',
              'move_speed': 0.0,
              'name': 'camera',
              'near': 0.0,
              'pan_speed': 0.0,
              'pos': [2.3708438873291016, 2.549457550048828, -1.1927684545516968],
              'rot': [5.687008380889893, 2.3961830139160156, 0.0],
              'rotation_speed': 0.0,
              'scale': [1.0, 1.0, 1.0]}],
 'lights': [{'lightColor': [1.0, 1.0, 1.0, 1.0],
             'model': 'Cube',
             'name': 'light',
             'pos': [0.0, 0.0, 0.0],
             'rot': [-1.899999976158142, 0.5, 0.5],
             'scale': [1.0, 1.0, 1.0]}],
 'skeleton_actors': [{'model': 'collada_test_00',
                      'name': 'collada_test_00',
                      'pos': [0.0, 0.800000011920929, 0.0],
                      'rot': [0.0, 1.7000000476837158, 0.0],
                      'scale': [0.009999999776482582, 0.009999999776482582, 0.009999999776482582]}],
 'static_actors': [{'model': 'sponza.sponza',
                    'name': 'sponza.sponza',
                    'pos': [0.0, 0.0, 0.0],
                    'rot': [0.0, 0.0, 0.0],
                    'scale': [1.0, 1.0, 1.0]}]}
