{'atmosphere': {},
 'cameras': [{'aspect': 0.0,
              'far': 0.0,
              'fov': 0.0,
              'meter_per_unit': 1.0,
              'model': 'Cube',
              'move_speed': 0.0,
              'name': 'camera',
              'near': 0.0,
              'pan_speed': 0.0,
              'pos': [-3.616450786590576, 2.2951133251190186, 0.2131969928741455],
              'rot': [6.250034809112549, 4.908043384552002, 0.0],
              'rotation_speed': 0.0,
              'scale': [1.0, 1.0, 1.0]}],
 'light_probes': [{'model': 'sphere',
                   'name': 'light_probe',
                   'pos': [0.0, 0.0, 0.0],
                   'rot': [0.0, 0.0, 0.0],
                   'scale': [1.0, 1.0, 1.0]}],
 'lights': [{'light_color': [1.0, 1.0, 1.0],
             'light_radius': 10.0,
             'model': 'Cube',
             'name': 'light',
             'pos': [0.0, 0.0, 0.0],
             'rot': [-1.899999976158142, 0.5, 0.5],
             'scale': [1.0, 1.0, 1.0]}],
 'main_light': {'light_color': [1.0, 1.0, 1.0, 1.0],
                'model': 'Cube',
                'name': 'main_light',
                'pos': [0.0, 0.0, 0.0],
                'rot': [-1.7000000476837158, 0.0, 0.0],
                'scale': [1.0, 1.0, 1.0]},
 'ocean': {'amplitude': 1.0, 'height': 0.0, 'omega': 0.84, 'texture_type': 'Ocean', 'wind': 5.0},
 'skeleton_actors': [{'model': 'collada_test_05',
                      'name': 'collada_test_05',
                      'pos': [0.0, 0.800000011920929, 0.0],
                      'rot': [0.0, 1.570796012878418, 0.0],
                      'scale': [0.009999999776482582, 0.009999999776482582, 0.009999999776482582]}],
 'static_actors': [{'model': 'sponza.sponza',
                    'name': 'sponza.sponza',
                    'pos': [0.0, 0.0, 0.0],
                    'rot': [0.0, 0.0, 0.0],
                    'scale': [1.0, 1.0, 1.0]}]}
