{'name': 'spline',
 'resample_count': 128,
 'spline_points': [{'control_point': [-0.9884676933288574, -2.5748977661132812, -0.9814357757568359],
                    'point_time': 0.0,
                    'position': [0.0, 0.0, 0.0]},
                   {'control_point': [1.8402862548828125, 0.8295631408691406, 1.4696121215820312],
                    'point_time': 0.333,
                    'position': [5.142457008361816, -1.8453178405761719, -3.4529266357421875]},
                   {'control_point': [-4.161348819732666, -2.440267562866211, -0.6019630432128906],
                    'point_time': 0.6666,
                    'position': [3.468099594116211, 6.114540100097656, -2.633856773376465]},
                   {'control_point': [-1.9664134979248047, -3.1573333740234375, -2.717691421508789],
                    'point_time': 1.0,
                    'position': [-0.19640111923217773, 0.9977684020996094, -0.3540458679199219]}]}
